{
 "cells": [
  {
   "cell_type": "markdown",
   "metadata": {},
   "source": [
    "<div style=\"text-align: right\">INFO 6105 Data Science Eng Methods and Tools</div>\n",
    "<div style=\"text-align: right\">Sanket Khadke (NUID 002968050), Aditya Sawant (NUID 002762104)</div>\n",
    "\n",
    "# Assignment 4"
   ]
  },
  {
   "cell_type": "markdown",
   "metadata": {},
   "source": [
    "Lets import the required libraries first"
   ]
  },
  {
   "cell_type": "code",
   "execution_count": 1,
   "metadata": {},
   "outputs": [],
   "source": [
    "from fractions import Fraction\n",
    "import math"
   ]
  },
  {
   "cell_type": "markdown",
   "metadata": {},
   "source": [
    "Now lets define the `ProbDist` function such that it takes a dictionary and finds out the probability of each event and returns a probability distribution of all the events"
   ]
  },
  {
   "cell_type": "code",
   "execution_count": 2,
   "metadata": {},
   "outputs": [],
   "source": [
    "class ProbDist(dict):\n",
    "    def __init__(self, mapping=(), **kwargs):\n",
    "        self.update(mapping, **kwargs)\n",
    "        total = sum(self.values())\n",
    "        for outcome in self:\n",
    "            self[outcome] = self[outcome] / total\n",
    "            assert self[outcome] >= 0"
   ]
  },
  {
   "cell_type": "markdown",
   "metadata": {},
   "source": [
    "We also define the function `such_that` which applies transformation to all possible outcome and returns only favourable ones. It makes use of predicate function which returns only true or false and returns all the outcomes that are true for the given predicate function"
   ]
  },
  {
   "cell_type": "code",
   "execution_count": 3,
   "metadata": {},
   "outputs": [],
   "source": [
    "def such_that(predicate, space): \n",
    "    if isinstance(space, ProbDist):\n",
    "        return ProbDist({o:space[o] for o in space if predicate(o)})\n",
    "    else:\n",
    "        return {o for o in space if predicate(o)}"
   ]
  },
  {
   "cell_type": "markdown",
   "metadata": {},
   "source": [
    "We then define the function `p` which is the Probability function and returns the probability of the event given the sample space. Here the function `p` is such that it can also handle a predicate argument and a collection argument, which is the one we will be using in the solutions below"
   ]
  },
  {
   "cell_type": "code",
   "execution_count": 4,
   "metadata": {},
   "outputs": [],
   "source": [
    "def p(event, space): \n",
    "    if is_predicate(event):\n",
    "        event = such_that(event, space)\n",
    "    if isinstance(space, ProbDist):\n",
    "        return sum(space[o] for o in space if o in event)\n",
    "    else:\n",
    "        return Fraction(len(event & space), len(space))\n",
    "\n",
    "is_predicate = callable"
   ]
  },
  {
   "cell_type": "markdown",
   "metadata": {},
   "source": [
    "## Question 1:\n",
    "The season is over and [Max Verstappen](https://www.formula1.com/en/drivers/max-verstappen.html) won, again! But let's assume the season is *not* over and there are *still* two F1 races coming up: The **Netherlands Grand Prix** coming up this weekend and the **Italian Grand Prix** the weekend after. The 2022 driver standings are given [here](https://www.formula1.com/en/results.html/2022/drivers.html). Given these standings (*please do not use team standings given on the same Web site, use driver standings*), what is the Probability Distribution for each F1 driver to win the Netherlands Grand Prix? What is the Probability Distribution for each F1 driver to win *both* the Netherlands and Italian Grand Prix? What is the probability for Red Bull to win both races? What is the probability for Red Bull to win at least one race? Note that Red Bull, and each other racing team, has two drivers per race."
   ]
  },
  {
   "cell_type": "markdown",
   "metadata": {},
   "source": [
    "## Solution\n",
    "Using the latest driver standings from the F1 website, we first create a dictionary containing the driver name initials as the keys and their points as values. We then pass this dictionary to the `ProbDist()` function so as to find the probability distribution of each player winning the next Grand Prix. \n",
    "\n",
    "Note here that, since the probability of each driver winning the Italian Grand Prix is not dependent on the results of the Netherlands Grand Prix, the Probability Distribution in both the cases would be the same.\n",
    "\n",
    "In the cells below, we use `NGP` and `IGP` to represent the Probability Distribution for each driver to win in the *Netherlands Grand Prix* and *Italian Grand Prix* respectively"
   ]
  },
  {
   "cell_type": "code",
   "execution_count": 5,
   "metadata": {},
   "outputs": [
    {
     "data": {
      "text/plain": [
       "{'MV': 0.1889196675900277,\n",
       " 'CL': 0.13130193905817175,\n",
       " 'SP': 0.13019390581717452,\n",
       " 'GR': 0.11246537396121883,\n",
       " 'CS': 0.11191135734072022,\n",
       " 'LH': 0.09418282548476455,\n",
       " 'LN': 0.055401662049861494,\n",
       " 'EO': 0.03656509695290859,\n",
       " 'FA': 0.032686980609418284,\n",
       " 'VB': 0.02548476454293629,\n",
       " 'DR': 0.016066481994459834,\n",
       " 'SV': 0.013296398891966758,\n",
       " 'PG': 0.012742382271468145,\n",
       " 'KM': 0.01218836565096953,\n",
       " 'LS': 0.007202216066481994,\n",
       " 'MS': 0.006648199445983379,\n",
       " 'YT': 0.006094182825484765,\n",
       " 'ZG': 0.0033240997229916896,\n",
       " 'AA': 0.00221606648199446,\n",
       " 'NV': 0.00110803324099723,\n",
       " 'NL': 0.0,\n",
       " 'NH': 0.0}"
      ]
     },
     "execution_count": 5,
     "metadata": {},
     "output_type": "execute_result"
    }
   ],
   "source": [
    "NGP = ProbDist(\n",
    "    MV = 341,\n",
    "    CL = 237,\n",
    "    SP = 235,\n",
    "    GR = 203,\n",
    "    CS = 202,\n",
    "    LH = 170,\n",
    "    LN = 100,\n",
    "    EO = 66,\n",
    "    FA = 59,\n",
    "    VB = 46,\n",
    "    DR = 29,\n",
    "    SV = 24,\n",
    "    PG = 23,\n",
    "    KM = 22,\n",
    "    LS = 13,\n",
    "    MS = 12,\n",
    "    YT = 11,\n",
    "    ZG = 6,\n",
    "    AA = 4,\n",
    "    NV = 2,\n",
    "    NL = 0,\n",
    "    NH = 0)\n",
    "\n",
    "NGP"
   ]
  },
  {
   "cell_type": "code",
   "execution_count": 6,
   "metadata": {},
   "outputs": [
    {
     "data": {
      "text/plain": [
       "{'MV': 0.1889196675900277,\n",
       " 'CL': 0.13130193905817175,\n",
       " 'SP': 0.13019390581717452,\n",
       " 'GR': 0.11246537396121883,\n",
       " 'CS': 0.11191135734072022,\n",
       " 'LH': 0.09418282548476455,\n",
       " 'LN': 0.055401662049861494,\n",
       " 'EO': 0.03656509695290859,\n",
       " 'FA': 0.032686980609418284,\n",
       " 'VB': 0.02548476454293629,\n",
       " 'DR': 0.016066481994459834,\n",
       " 'SV': 0.013296398891966758,\n",
       " 'PG': 0.012742382271468145,\n",
       " 'KM': 0.01218836565096953,\n",
       " 'LS': 0.007202216066481994,\n",
       " 'MS': 0.006648199445983379,\n",
       " 'YT': 0.006094182825484765,\n",
       " 'ZG': 0.0033240997229916896,\n",
       " 'AA': 0.00221606648199446,\n",
       " 'NV': 0.00110803324099723,\n",
       " 'NL': 0.0,\n",
       " 'NH': 0.0}"
      ]
     },
     "execution_count": 6,
     "metadata": {},
     "output_type": "execute_result"
    }
   ],
   "source": [
    "IGP = ProbDist(\n",
    "    MV = 341,\n",
    "    CL = 237,\n",
    "    SP = 235,\n",
    "    GR = 203,\n",
    "    CS = 202,\n",
    "    LH = 170,\n",
    "    LN = 100,\n",
    "    EO = 66,\n",
    "    FA = 59,\n",
    "    VB = 46,\n",
    "    DR = 29,\n",
    "    SV = 24,\n",
    "    PG = 23,\n",
    "    KM = 22,\n",
    "    LS = 13,\n",
    "    MS = 12,\n",
    "    YT = 11,\n",
    "    ZG = 6,\n",
    "    AA = 4,\n",
    "    NV = 2,\n",
    "    NL = 0,\n",
    "    NH = 0)\n",
    "\n",
    "IGP"
   ]
  },
  {
   "cell_type": "markdown",
   "metadata": {},
   "source": [
    "Now, let us find the Probability Distribution of different pairs of drivers winning the Netherlands Grand Prix and Italian Grand Prix. Since there are `22` drivers, so there are `22`x`22` different possible winning combinations. Let us find all the combinations by simply multiplying their winning probabilities for each race (for Netherlands Grand Prix and Italian Grand Prix). \n",
    "This is the *joint probability* of different combination of drivers winning each of the two races. We define the function `joint_prob` below which simply multiplies the winning probability of one driver in a pair with the other. We then store the driver names in the pair in the format `driver1name driver2name` and set them as the keys, while their respective joint probabilities are set as the values."
   ]
  },
  {
   "cell_type": "code",
   "execution_count": 7,
   "metadata": {},
   "outputs": [
    {
     "data": {
      "text/plain": [
       "{'MV MV': 0.03569064080232656,\n",
       " 'MV CL': 0.024805518680795884,\n",
       " 'MV SP': 0.024596189409227986,\n",
       " 'MV GR': 0.02124692106414162,\n",
       " 'MV CS': 0.02114225642835767,\n",
       " 'MV LH': 0.01779298808327131,\n",
       " 'MV LN': 0.010466463578394886,\n",
       " 'MV EO': 0.0069078659617406255,\n",
       " 'MV FA': 0.006175213511252983,\n",
       " 'MV VB': 0.004814573246061648,\n",
       " 'MV DR': 0.003035274437734517,\n",
       " 'MV SV': 0.0025119512588147727,\n",
       " 'MV PG': 0.002407286623030824,\n",
       " 'MV KM': 0.0023026219872468753,\n",
       " 'MV LS': 0.0013606402651913352,\n",
       " 'MV MS': 0.0012559756294073863,\n",
       " 'MV YT': 0.0011513109936234377,\n",
       " 'MV ZG': 0.0006279878147036932,\n",
       " 'MV AA': 0.0004186585431357955,\n",
       " 'MV NV': 0.00020932927156789774,\n",
       " 'MV NL': 0.0,\n",
       " 'MV NH': 0.0,\n",
       " 'CL MV': 0.024805518680795884,\n",
       " 'CL CL': 0.01724019920043585,\n",
       " 'CL SP': 0.017094712287352,\n",
       " 'CL GR': 0.014766921678010452,\n",
       " 'CL CS': 0.014694178221468528,\n",
       " 'CL LH': 0.01236638761212698,\n",
       " 'CL LN': 0.007274345654192341,\n",
       " 'CL EO': 0.004801068131766946,\n",
       " 'CL FA': 0.004291863935973481,\n",
       " 'CL VB': 0.003346199000928477,\n",
       " 'CL DR': 0.002109560239715779,\n",
       " 'CL SV': 0.0017458429570061617,\n",
       " 'CL PG': 0.0016730995004642386,\n",
       " 'CL KM': 0.001600356043922315,\n",
       " 'CL LS': 0.0009456649350450043,\n",
       " 'CL MS': 0.0008729214785030808,\n",
       " 'CL YT': 0.0008001780219611575,\n",
       " 'CL ZG': 0.0004364607392515404,\n",
       " 'CL AA': 0.00029097382616769365,\n",
       " 'CL NV': 0.00014548691308384682,\n",
       " 'CL NL': 0.0,\n",
       " 'CL NH': 0.0,\n",
       " 'SP MV': 0.024596189409227986,\n",
       " 'SP CL': 0.017094712287352,\n",
       " 'SP SP': 0.01695045311193131,\n",
       " 'SP GR': 0.014642306305200237,\n",
       " 'SP CS': 0.014570176717489891,\n",
       " 'SP LH': 0.01226202991075882,\n",
       " 'SP LN': 0.007212958771034599,\n",
       " 'SP EO': 0.004760552788882836,\n",
       " 'SP FA': 0.004255645674910414,\n",
       " 'SP VB': 0.003317961034675916,\n",
       " 'SP DR': 0.0020917580436000337,\n",
       " 'SP SV': 0.0017311101050483037,\n",
       " 'SP PG': 0.001658980517337958,\n",
       " 'SP KM': 0.001586850929627612,\n",
       " 'SP LS': 0.000937684640234498,\n",
       " 'SP MS': 0.0008655550525241519,\n",
       " 'SP YT': 0.000793425464813806,\n",
       " 'SP ZG': 0.00043277752626207593,\n",
       " 'SP AA': 0.000288518350841384,\n",
       " 'SP NV': 0.000144259175420692,\n",
       " 'SP NL': 0.0,\n",
       " 'SP NH': 0.0,\n",
       " 'GR MV': 0.02124692106414162,\n",
       " 'GR CL': 0.014766921678010452,\n",
       " 'GR SP': 0.014642306305200237,\n",
       " 'GR GR': 0.012648460340236799,\n",
       " 'GR CS': 0.012586152653831692,\n",
       " 'GR LH': 0.010592306688868257,\n",
       " 'GR LN': 0.0062307686405107384,\n",
       " 'GR EO': 0.004112307302737088,\n",
       " 'GR FA': 0.003676153497901336,\n",
       " 'GR VB': 0.00286615357463494,\n",
       " 'GR DR': 0.0018069229057481144,\n",
       " 'GR SV': 0.0014953844737225772,\n",
       " 'GR PG': 0.00143307678731747,\n",
       " 'GR KM': 0.0013707691009123626,\n",
       " 'GR LS': 0.000809999923266396,\n",
       " 'GR MS': 0.0007476922368612886,\n",
       " 'GR YT': 0.0006853845504561813,\n",
       " 'GR ZG': 0.0003738461184306443,\n",
       " 'GR AA': 0.00024923074562042957,\n",
       " 'GR NV': 0.00012461537281021479,\n",
       " 'GR NL': 0.0,\n",
       " 'GR NH': 0.0,\n",
       " 'CS MV': 0.02114225642835767,\n",
       " 'CS CL': 0.014694178221468528,\n",
       " 'CS SP': 0.014570176717489891,\n",
       " 'CS GR': 0.012586152653831692,\n",
       " 'CS CS': 0.012524151901842374,\n",
       " 'CS LH': 0.010540127838184176,\n",
       " 'CS LN': 0.006200075198931868,\n",
       " 'CS EO': 0.004092049631295033,\n",
       " 'CS FA': 0.003658044367369802,\n",
       " 'CS VB': 0.0028520345915086596,\n",
       " 'CS DR': 0.0017980218076902419,\n",
       " 'CS SV': 0.0014880180477436483,\n",
       " 'CS PG': 0.0014260172957543298,\n",
       " 'CS KM': 0.0013640165437650111,\n",
       " 'CS LS': 0.0008060097758611428,\n",
       " 'CS MS': 0.0007440090238718241,\n",
       " 'CS YT': 0.0006820082718825056,\n",
       " 'CS ZG': 0.00037200451193591206,\n",
       " 'CS AA': 0.00024800300795727476,\n",
       " 'CS NV': 0.00012400150397863738,\n",
       " 'CS NL': 0.0,\n",
       " 'CS NH': 0.0,\n",
       " 'LH MV': 0.01779298808327131,\n",
       " 'LH CL': 0.01236638761212698,\n",
       " 'LH SP': 0.01226202991075882,\n",
       " 'LH GR': 0.010592306688868257,\n",
       " 'LH CS': 0.010540127838184176,\n",
       " 'LH LH': 0.008870404616293614,\n",
       " 'LH LN': 0.005217885068408008,\n",
       " 'LH EO': 0.0034438041451492858,\n",
       " 'LH FA': 0.003078552190360725,\n",
       " 'LH VB': 0.002400227131467684,\n",
       " 'LH DR': 0.0015131866698383223,\n",
       " 'LH SV': 0.001252292416417922,\n",
       " 'LH PG': 0.001200113565733842,\n",
       " 'LH KM': 0.0011479347150497618,\n",
       " 'LH LS': 0.0006783250588930411,\n",
       " 'LH MS': 0.000626146208208961,\n",
       " 'LH YT': 0.0005739673575248809,\n",
       " 'LH ZG': 0.0003130731041044805,\n",
       " 'LH AA': 0.00020871540273632034,\n",
       " 'LH NV': 0.00010435770136816017,\n",
       " 'LH NL': 0.0,\n",
       " 'LH NH': 0.0,\n",
       " 'LN MV': 0.010466463578394886,\n",
       " 'LN CL': 0.007274345654192341,\n",
       " 'LN SP': 0.007212958771034599,\n",
       " 'LN GR': 0.0062307686405107384,\n",
       " 'LN CS': 0.006200075198931868,\n",
       " 'LN LH': 0.005217885068408008,\n",
       " 'LN LN': 0.003069344157887063,\n",
       " 'LN EO': 0.002025767144205462,\n",
       " 'LN FA': 0.0018109130531533675,\n",
       " 'LN VB': 0.0014118983126280493,\n",
       " 'LN DR': 0.0008901098057872484,\n",
       " 'LN SV': 0.0007366425978928952,\n",
       " 'LN PG': 0.0007059491563140246,\n",
       " 'LN KM': 0.000675255714735154,\n",
       " 'LN LS': 0.00039901474052531826,\n",
       " 'LN MS': 0.0003683212989464476,\n",
       " 'LN YT': 0.000337627857367577,\n",
       " 'LN ZG': 0.0001841606494732238,\n",
       " 'LN AA': 0.00012277376631548254,\n",
       " 'LN NV': 6.138688315774127e-05,\n",
       " 'LN NL': 0.0,\n",
       " 'LN NH': 0.0,\n",
       " 'EO MV': 0.0069078659617406255,\n",
       " 'EO CL': 0.004801068131766946,\n",
       " 'EO SP': 0.004760552788882836,\n",
       " 'EO GR': 0.004112307302737088,\n",
       " 'EO CS': 0.004092049631295033,\n",
       " 'EO LH': 0.0034438041451492858,\n",
       " 'EO LN': 0.002025767144205462,\n",
       " 'EO EO': 0.0013370063151756052,\n",
       " 'EO FA': 0.0011952026150812227,\n",
       " 'EO VB': 0.0009318528863345127,\n",
       " 'EO DR': 0.0005874724718195841,\n",
       " 'EO SV': 0.0004861841146093109,\n",
       " 'EO PG': 0.00046592644316725633,\n",
       " 'EO KM': 0.0004456687717252017,\n",
       " 'EO LS': 0.0002633497287467101,\n",
       " 'EO MS': 0.00024309205730465544,\n",
       " 'EO YT': 0.00022283438586260084,\n",
       " 'EO ZG': 0.00012154602865232772,\n",
       " 'EO AA': 8.103068576821849e-05,\n",
       " 'EO NV': 4.051534288410924e-05,\n",
       " 'EO NL': 0.0,\n",
       " 'EO NH': 0.0,\n",
       " 'FA MV': 0.006175213511252983,\n",
       " 'FA CL': 0.004291863935973481,\n",
       " 'FA SP': 0.004255645674910414,\n",
       " 'FA GR': 0.003676153497901336,\n",
       " 'FA CS': 0.003658044367369802,\n",
       " 'FA LH': 0.003078552190360725,\n",
       " 'FA LN': 0.0018109130531533675,\n",
       " 'FA EO': 0.0011952026150812227,\n",
       " 'FA FA': 0.001068438701360487,\n",
       " 'FA VB': 0.0008330200044505492,\n",
       " 'FA DR': 0.0005251647854144766,\n",
       " 'FA SV': 0.00043461913275680817,\n",
       " 'FA PG': 0.0004165100022252746,\n",
       " 'FA KM': 0.0003984008716937409,\n",
       " 'FA LS': 0.0002354186969099378,\n",
       " 'FA MS': 0.00021730956637840409,\n",
       " 'FA YT': 0.00019920043584687044,\n",
       " 'FA ZG': 0.00010865478318920204,\n",
       " 'FA AA': 7.243652212613471e-05,\n",
       " 'FA NV': 3.6218261063067354e-05,\n",
       " 'FA NL': 0.0,\n",
       " 'FA NH': 0.0,\n",
       " 'VB MV': 0.004814573246061648,\n",
       " 'VB CL': 0.003346199000928477,\n",
       " 'VB SP': 0.003317961034675916,\n",
       " 'VB GR': 0.00286615357463494,\n",
       " 'VB CS': 0.0028520345915086596,\n",
       " 'VB LH': 0.002400227131467684,\n",
       " 'VB LN': 0.0014118983126280493,\n",
       " 'VB EO': 0.0009318528863345127,\n",
       " 'VB FA': 0.0008330200044505492,\n",
       " 'VB VB': 0.0006494732238089027,\n",
       " 'VB DR': 0.00040945051066213433,\n",
       " 'VB SV': 0.0003388555950307318,\n",
       " 'VB PG': 0.0003247366119044514,\n",
       " 'VB KM': 0.00031061762877817087,\n",
       " 'VB LS': 0.0001835467806416464,\n",
       " 'VB MS': 0.0001694277975153659,\n",
       " 'VB YT': 0.00015530881438908544,\n",
       " 'VB ZG': 8.471389875768296e-05,\n",
       " 'VB AA': 5.647593250512198e-05,\n",
       " 'VB NV': 2.823796625256099e-05,\n",
       " 'VB NL': 0.0,\n",
       " 'VB NH': 0.0,\n",
       " 'DR MV': 0.003035274437734517,\n",
       " 'DR CL': 0.002109560239715779,\n",
       " 'DR SP': 0.0020917580436000337,\n",
       " 'DR GR': 0.0018069229057481144,\n",
       " 'DR CS': 0.0017980218076902419,\n",
       " 'DR LH': 0.0015131866698383223,\n",
       " 'DR LN': 0.0008901098057872484,\n",
       " 'DR EO': 0.0005874724718195841,\n",
       " 'DR FA': 0.0005251647854144766,\n",
       " 'DR VB': 0.00040945051066213433,\n",
       " 'DR DR': 0.00025813184367830206,\n",
       " 'DR SV': 0.00021362635338893963,\n",
       " 'DR PG': 0.00020472525533106716,\n",
       " 'DR KM': 0.00019582415727319467,\n",
       " 'DR LS': 0.0001157142747523423,\n",
       " 'DR MS': 0.00010681317669446981,\n",
       " 'DR YT': 9.791207863659734e-05,\n",
       " 'DR ZG': 5.340658834723491e-05,\n",
       " 'DR AA': 3.560439223148994e-05,\n",
       " 'DR NV': 1.780219611574497e-05,\n",
       " 'DR NL': 0.0,\n",
       " 'DR NH': 0.0,\n",
       " 'SV MV': 0.0025119512588147727,\n",
       " 'SV CL': 0.0017458429570061617,\n",
       " 'SV SP': 0.0017311101050483037,\n",
       " 'SV GR': 0.0014953844737225772,\n",
       " 'SV CS': 0.0014880180477436483,\n",
       " 'SV LH': 0.001252292416417922,\n",
       " 'SV LN': 0.0007366425978928952,\n",
       " 'SV EO': 0.0004861841146093109,\n",
       " 'SV FA': 0.00043461913275680817,\n",
       " 'SV VB': 0.0003388555950307318,\n",
       " 'SV DR': 0.00021362635338893963,\n",
       " 'SV SV': 0.00017679422349429485,\n",
       " 'SV PG': 0.0001694277975153659,\n",
       " 'SV KM': 0.00016206137153643694,\n",
       " 'SV LS': 9.576353772607638e-05,\n",
       " 'SV MS': 8.839711174714742e-05,\n",
       " 'SV YT': 8.103068576821847e-05,\n",
       " 'SV ZG': 4.419855587357371e-05,\n",
       " 'SV AA': 2.946570391571581e-05,\n",
       " 'SV NV': 1.4732851957857905e-05,\n",
       " 'SV NL': 0.0,\n",
       " 'SV NH': 0.0,\n",
       " 'PG MV': 0.002407286623030824,\n",
       " 'PG CL': 0.0016730995004642386,\n",
       " 'PG SP': 0.001658980517337958,\n",
       " 'PG GR': 0.00143307678731747,\n",
       " 'PG CS': 0.0014260172957543298,\n",
       " 'PG LH': 0.001200113565733842,\n",
       " 'PG LN': 0.0007059491563140246,\n",
       " 'PG EO': 0.00046592644316725633,\n",
       " 'PG FA': 0.0004165100022252746,\n",
       " 'PG VB': 0.0003247366119044514,\n",
       " 'PG DR': 0.00020472525533106716,\n",
       " 'PG SV': 0.0001694277975153659,\n",
       " 'PG PG': 0.0001623683059522257,\n",
       " 'PG KM': 0.00015530881438908544,\n",
       " 'PG LS': 9.17733903208232e-05,\n",
       " 'PG MS': 8.471389875768296e-05,\n",
       " 'PG YT': 7.765440719454272e-05,\n",
       " 'PG ZG': 4.235694937884148e-05,\n",
       " 'PG AA': 2.823796625256099e-05,\n",
       " 'PG NV': 1.4118983126280495e-05,\n",
       " 'PG NL': 0.0,\n",
       " 'PG NH': 0.0,\n",
       " 'KM MV': 0.0023026219872468753,\n",
       " 'KM CL': 0.001600356043922315,\n",
       " 'KM SP': 0.001586850929627612,\n",
       " 'KM GR': 0.0013707691009123626,\n",
       " 'KM CS': 0.0013640165437650111,\n",
       " 'KM LH': 0.0011479347150497618,\n",
       " 'KM LN': 0.000675255714735154,\n",
       " 'KM EO': 0.0004456687717252017,\n",
       " 'KM FA': 0.0003984008716937409,\n",
       " 'KM VB': 0.00031061762877817087,\n",
       " 'KM DR': 0.00019582415727319467,\n",
       " 'KM SV': 0.00016206137153643694,\n",
       " 'KM PG': 0.00015530881438908544,\n",
       " 'KM KM': 0.00014855625724173387,\n",
       " 'KM LS': 8.778324291557002e-05,\n",
       " 'KM MS': 8.103068576821847e-05,\n",
       " 'KM YT': 7.427812862086694e-05,\n",
       " 'KM ZG': 4.0515342884109236e-05,\n",
       " 'KM AA': 2.7010228589406163e-05,\n",
       " 'KM NV': 1.3505114294703081e-05,\n",
       " 'KM NL': 0.0,\n",
       " 'KM NH': 0.0,\n",
       " 'LS MV': 0.0013606402651913352,\n",
       " 'LS CL': 0.0009456649350450043,\n",
       " 'LS SP': 0.000937684640234498,\n",
       " 'LS GR': 0.000809999923266396,\n",
       " 'LS CS': 0.0008060097758611428,\n",
       " 'LS LH': 0.0006783250588930411,\n",
       " 'LS LN': 0.00039901474052531826,\n",
       " 'LS EO': 0.0002633497287467101,\n",
       " 'LS FA': 0.0002354186969099378,\n",
       " 'LS VB': 0.0001835467806416464,\n",
       " 'LS DR': 0.0001157142747523423,\n",
       " 'LS SV': 9.576353772607638e-05,\n",
       " 'LS PG': 9.17733903208232e-05,\n",
       " 'LS KM': 8.778324291557002e-05,\n",
       " 'LS LS': 5.1871916268291375e-05,\n",
       " 'LS MS': 4.788176886303819e-05,\n",
       " 'LS YT': 4.389162145778501e-05,\n",
       " 'LS ZG': 2.3940884431519095e-05,\n",
       " 'LS AA': 1.596058962101273e-05,\n",
       " 'LS NV': 7.980294810506365e-06,\n",
       " 'LS NL': 0.0,\n",
       " 'LS NH': 0.0,\n",
       " 'MS MV': 0.0012559756294073863,\n",
       " 'MS CL': 0.0008729214785030808,\n",
       " 'MS SP': 0.0008655550525241519,\n",
       " 'MS GR': 0.0007476922368612886,\n",
       " 'MS CS': 0.0007440090238718241,\n",
       " 'MS LH': 0.000626146208208961,\n",
       " 'MS LN': 0.0003683212989464476,\n",
       " 'MS EO': 0.00024309205730465544,\n",
       " 'MS FA': 0.00021730956637840409,\n",
       " 'MS VB': 0.0001694277975153659,\n",
       " 'MS DR': 0.00010681317669446981,\n",
       " 'MS SV': 8.839711174714742e-05,\n",
       " 'MS PG': 8.471389875768296e-05,\n",
       " 'MS KM': 8.103068576821847e-05,\n",
       " 'MS LS': 4.788176886303819e-05,\n",
       " 'MS MS': 4.419855587357371e-05,\n",
       " 'MS YT': 4.0515342884109236e-05,\n",
       " 'MS ZG': 2.2099277936786856e-05,\n",
       " 'MS AA': 1.4732851957857905e-05,\n",
       " 'MS NV': 7.366425978928952e-06,\n",
       " 'MS NL': 0.0,\n",
       " 'MS NH': 0.0,\n",
       " 'YT MV': 0.0011513109936234377,\n",
       " 'YT CL': 0.0008001780219611575,\n",
       " 'YT SP': 0.000793425464813806,\n",
       " 'YT GR': 0.0006853845504561813,\n",
       " 'YT CS': 0.0006820082718825056,\n",
       " 'YT LH': 0.0005739673575248809,\n",
       " 'YT LN': 0.000337627857367577,\n",
       " 'YT EO': 0.00022283438586260084,\n",
       " 'YT FA': 0.00019920043584687044,\n",
       " 'YT VB': 0.00015530881438908544,\n",
       " 'YT DR': 9.791207863659734e-05,\n",
       " 'YT SV': 8.103068576821847e-05,\n",
       " 'YT PG': 7.765440719454272e-05,\n",
       " 'YT KM': 7.427812862086694e-05,\n",
       " 'YT LS': 4.389162145778501e-05,\n",
       " 'YT MS': 4.0515342884109236e-05,\n",
       " 'YT YT': 3.713906431043347e-05,\n",
       " 'YT ZG': 2.0257671442054618e-05,\n",
       " 'YT AA': 1.3505114294703081e-05,\n",
       " 'YT NV': 6.752557147351541e-06,\n",
       " 'YT NL': 0.0,\n",
       " 'YT NH': 0.0,\n",
       " 'ZG MV': 0.0006279878147036932,\n",
       " 'ZG CL': 0.0004364607392515404,\n",
       " 'ZG SP': 0.00043277752626207593,\n",
       " 'ZG GR': 0.0003738461184306443,\n",
       " 'ZG CS': 0.00037200451193591206,\n",
       " 'ZG LH': 0.0003130731041044805,\n",
       " 'ZG LN': 0.0001841606494732238,\n",
       " 'ZG EO': 0.00012154602865232772,\n",
       " 'ZG FA': 0.00010865478318920204,\n",
       " 'ZG VB': 8.471389875768296e-05,\n",
       " 'ZG DR': 5.340658834723491e-05,\n",
       " 'ZG SV': 4.419855587357371e-05,\n",
       " 'ZG PG': 4.235694937884148e-05,\n",
       " 'ZG KM': 4.0515342884109236e-05,\n",
       " 'ZG LS': 2.3940884431519095e-05,\n",
       " 'ZG MS': 2.2099277936786856e-05,\n",
       " 'ZG YT': 2.0257671442054618e-05,\n",
       " 'ZG ZG': 1.1049638968393428e-05,\n",
       " 'ZG AA': 7.366425978928952e-06,\n",
       " 'ZG NV': 3.683212989464476e-06,\n",
       " 'ZG NL': 0.0,\n",
       " 'ZG NH': 0.0,\n",
       " 'AA MV': 0.0004186585431357955,\n",
       " 'AA CL': 0.00029097382616769365,\n",
       " 'AA SP': 0.000288518350841384,\n",
       " 'AA GR': 0.00024923074562042957,\n",
       " 'AA CS': 0.00024800300795727476,\n",
       " 'AA LH': 0.00020871540273632034,\n",
       " 'AA LN': 0.00012277376631548254,\n",
       " 'AA EO': 8.103068576821849e-05,\n",
       " 'AA FA': 7.243652212613471e-05,\n",
       " 'AA VB': 5.647593250512198e-05,\n",
       " 'AA DR': 3.560439223148994e-05,\n",
       " 'AA SV': 2.946570391571581e-05,\n",
       " 'AA PG': 2.823796625256099e-05,\n",
       " 'AA KM': 2.7010228589406163e-05,\n",
       " 'AA LS': 1.596058962101273e-05,\n",
       " 'AA MS': 1.4732851957857905e-05,\n",
       " 'AA YT': 1.3505114294703081e-05,\n",
       " 'AA ZG': 7.366425978928952e-06,\n",
       " 'AA AA': 4.910950652619302e-06,\n",
       " 'AA NV': 2.455475326309651e-06,\n",
       " 'AA NL': 0.0,\n",
       " 'AA NH': 0.0,\n",
       " 'NV MV': 0.00020932927156789774,\n",
       " 'NV CL': 0.00014548691308384682,\n",
       " 'NV SP': 0.000144259175420692,\n",
       " 'NV GR': 0.00012461537281021479,\n",
       " 'NV CS': 0.00012400150397863738,\n",
       " 'NV LH': 0.00010435770136816017,\n",
       " 'NV LN': 6.138688315774127e-05,\n",
       " 'NV EO': 4.051534288410924e-05,\n",
       " 'NV FA': 3.6218261063067354e-05,\n",
       " 'NV VB': 2.823796625256099e-05,\n",
       " 'NV DR': 1.780219611574497e-05,\n",
       " 'NV SV': 1.4732851957857905e-05,\n",
       " 'NV PG': 1.4118983126280495e-05,\n",
       " 'NV KM': 1.3505114294703081e-05,\n",
       " 'NV LS': 7.980294810506365e-06,\n",
       " 'NV MS': 7.366425978928952e-06,\n",
       " 'NV YT': 6.752557147351541e-06,\n",
       " 'NV ZG': 3.683212989464476e-06,\n",
       " 'NV AA': 2.455475326309651e-06,\n",
       " 'NV NV': 1.2277376631548256e-06,\n",
       " 'NV NL': 0.0,\n",
       " 'NV NH': 0.0,\n",
       " 'NL MV': 0.0,\n",
       " 'NL CL': 0.0,\n",
       " 'NL SP': 0.0,\n",
       " 'NL GR': 0.0,\n",
       " 'NL CS': 0.0,\n",
       " 'NL LH': 0.0,\n",
       " 'NL LN': 0.0,\n",
       " 'NL EO': 0.0,\n",
       " 'NL FA': 0.0,\n",
       " 'NL VB': 0.0,\n",
       " 'NL DR': 0.0,\n",
       " 'NL SV': 0.0,\n",
       " 'NL PG': 0.0,\n",
       " 'NL KM': 0.0,\n",
       " 'NL LS': 0.0,\n",
       " 'NL MS': 0.0,\n",
       " 'NL YT': 0.0,\n",
       " 'NL ZG': 0.0,\n",
       " 'NL AA': 0.0,\n",
       " 'NL NV': 0.0,\n",
       " 'NL NL': 0.0,\n",
       " 'NL NH': 0.0,\n",
       " 'NH MV': 0.0,\n",
       " 'NH CL': 0.0,\n",
       " 'NH SP': 0.0,\n",
       " 'NH GR': 0.0,\n",
       " 'NH CS': 0.0,\n",
       " 'NH LH': 0.0,\n",
       " 'NH LN': 0.0,\n",
       " 'NH EO': 0.0,\n",
       " 'NH FA': 0.0,\n",
       " 'NH VB': 0.0,\n",
       " 'NH DR': 0.0,\n",
       " 'NH SV': 0.0,\n",
       " 'NH PG': 0.0,\n",
       " 'NH KM': 0.0,\n",
       " 'NH LS': 0.0,\n",
       " 'NH MS': 0.0,\n",
       " 'NH YT': 0.0,\n",
       " 'NH ZG': 0.0,\n",
       " 'NH AA': 0.0,\n",
       " 'NH NV': 0.0,\n",
       " 'NH NL': 0.0,\n",
       " 'NH NH': 0.0}"
      ]
     },
     "execution_count": 7,
     "metadata": {},
     "output_type": "execute_result"
    }
   ],
   "source": [
    "#Joint Probability function\n",
    "def joint_prob(A, B, sep=''):\n",
    "    return ProbDist({i + sep + j: A[i] * B[j]\n",
    "                    for i in A\n",
    "                    for j in B})\n",
    "\n",
    "joint_pd = joint_prob(NGP, IGP ,' ')\n",
    "joint_pd"
   ]
  },
  {
   "cell_type": "markdown",
   "metadata": {},
   "source": [
    "As said earlier, the total length of `joint_pd` would be `22`x`22`=`484`"
   ]
  },
  {
   "cell_type": "code",
   "execution_count": 8,
   "metadata": {},
   "outputs": [
    {
     "data": {
      "text/plain": [
       "484"
      ]
     },
     "execution_count": 8,
     "metadata": {},
     "output_type": "execute_result"
    }
   ],
   "source": [
    "len(joint_pd)"
   ]
  },
  {
   "cell_type": "markdown",
   "metadata": {},
   "source": [
    "### Each Driver wins both the races"
   ]
  },
  {
   "cell_type": "markdown",
   "metadata": {},
   "source": [
    "Now, since we have to find the Probability Distribution of each driver winning both the races, we will check the keys (of `joint_pd` in this case) to determine if the key contains only one single driver winning both the races. \n",
    "\n",
    "For instance, if we are searching for the Probability Distribution of Max Verstappen winning both the races, we should search for the key `MV MV`.\n",
    "\n",
    "We will accomplish this by defining a function where we would use string comparison. In the function we will first split the key string using `.split(\" \")` and then check if the two obtained strings are the same. If yes, we would append this key value pair to a result dictionary which would be returned through the function."
   ]
  },
  {
   "cell_type": "code",
   "execution_count": 9,
   "metadata": {},
   "outputs": [
    {
     "data": {
      "text/plain": [
       "{'MV': 0.03569064080232656,\n",
       " 'CL': 0.01724019920043585,\n",
       " 'SP': 0.01695045311193131,\n",
       " 'GR': 0.012648460340236799,\n",
       " 'CS': 0.012524151901842374,\n",
       " 'LH': 0.008870404616293614,\n",
       " 'LN': 0.003069344157887063,\n",
       " 'EO': 0.0013370063151756052,\n",
       " 'FA': 0.001068438701360487,\n",
       " 'VB': 0.0006494732238089027,\n",
       " 'DR': 0.00025813184367830206,\n",
       " 'SV': 0.00017679422349429485,\n",
       " 'PG': 0.0001623683059522257,\n",
       " 'KM': 0.00014855625724173387,\n",
       " 'LS': 5.1871916268291375e-05,\n",
       " 'MS': 4.419855587357371e-05,\n",
       " 'YT': 3.713906431043347e-05,\n",
       " 'ZG': 1.1049638968393428e-05,\n",
       " 'AA': 4.910950652619302e-06,\n",
       " 'NV': 1.2277376631548256e-06,\n",
       " 'NL': 0.0,\n",
       " 'NH': 0.0}"
      ]
     },
     "execution_count": 9,
     "metadata": {},
     "output_type": "execute_result"
    }
   ],
   "source": [
    "#To find the probability distribution of each F1 driver to win both Netherlands and Italy Grand Prix\n",
    "def each_driver_wins_both_races(joint_pd):\n",
    "    result_pd = {}\n",
    "    for x in joint_pd:\n",
    "        if x.split(\" \")[:-1] == x.split(\" \")[1:]:\n",
    "            result_pd[x.split(\" \")[1]] = joint_pd[x]\n",
    "    return result_pd\n",
    "            \n",
    "each_driver_wins_both = each_driver_wins_both_races(joint_pd)\n",
    "each_driver_wins_both"
   ]
  },
  {
   "cell_type": "markdown",
   "metadata": {},
   "source": [
    "### Red Bull wins both the races"
   ]
  },
  {
   "cell_type": "markdown",
   "metadata": {},
   "source": [
    "Now for the next part of the question, we need to find the probability of Red Bull winning both the races. Red Bull team consists of `Max Verstappen` and `Sergio Perez` denoted by `MV` and `SP` respectively"
   ]
  },
  {
   "cell_type": "markdown",
   "metadata": {},
   "source": [
    "**Method 1**\n",
    "\n",
    "Now, in order for Red Bull to win both the races, we define a function `redbull_wins_both_races` and pass it to our probability function `p` to find the probability of Red Bull winning both the races. \n",
    "\n",
    "Here, we check if the keys of `joint_pd` begin _**and**_ end with either `MV` **or** `SP`. In short, we check for 4 combinations in `joint_pd` which are `MV MV`, `MV SP`, `SP MV` and `SP SP`"
   ]
  },
  {
   "cell_type": "code",
   "execution_count": 10,
   "metadata": {},
   "outputs": [
    {
     "data": {
      "text/plain": [
       "0.10183347273271384"
      ]
     },
     "execution_count": 10,
     "metadata": {},
     "output_type": "execute_result"
    }
   ],
   "source": [
    "def redbull_wins_both_races(outcome):\n",
    "    return (outcome.startswith(\"MV\") or outcome.startswith(\"SP\")) and (outcome.endswith(\"MV\") or outcome.endswith(\"SP\"))\n",
    "\n",
    "p(redbull_wins_both_races, joint_pd)"
   ]
  },
  {
   "cell_type": "markdown",
   "metadata": {},
   "source": [
    "**Method 2**\n",
    "\n",
    "Now for Red Bull to win both the races, first lets make a list of the two drivers (MV and SP in this case) who race for Red Bull in `redbull_players`\n",
    "\n",
    "We then generate a list of all possible combinations of the two players so that we only obtain keys where only `MV` and `SP` win the two races. We obtain a total of 4 combinations as below in `redbull_drivers_combo`."
   ]
  },
  {
   "cell_type": "code",
   "execution_count": 11,
   "metadata": {
    "scrolled": true
   },
   "outputs": [
    {
     "data": {
      "text/plain": [
       "['MV', 'SP']"
      ]
     },
     "execution_count": 11,
     "metadata": {},
     "output_type": "execute_result"
    }
   ],
   "source": [
    "redbull_drivers = [\"MV\", \"SP\"]\n",
    "redbull_drivers"
   ]
  },
  {
   "cell_type": "code",
   "execution_count": 12,
   "metadata": {},
   "outputs": [
    {
     "data": {
      "text/plain": [
       "['MV MV', 'MV SP', 'SP MV', 'SP SP']"
      ]
     },
     "execution_count": 12,
     "metadata": {},
     "output_type": "execute_result"
    }
   ],
   "source": [
    "redbull_drivers_combo = [a + \" \" + b for a in redbull_drivers for b in redbull_drivers]\n",
    "redbull_drivers_combo"
   ]
  },
  {
   "cell_type": "markdown",
   "metadata": {},
   "source": [
    "We now write a function to search for the probability distribution of all the combination keys we generated above. We will then store these key-value pairs and return them as a dictionary and pass it to the probability function `p` to find out the probability of Red Bull winning both the races. In the function below, `result_pd` is used to store the resultant probability distribution dictionary that would be returned from the function."
   ]
  },
  {
   "cell_type": "code",
   "execution_count": 13,
   "metadata": {
    "scrolled": true
   },
   "outputs": [
    {
     "data": {
      "text/plain": [
       "0.10183347273271384"
      ]
     },
     "execution_count": 13,
     "metadata": {},
     "output_type": "execute_result"
    }
   ],
   "source": [
    "def redbull_wins_both_races_v2(driver_combo, joint_pd):\n",
    "    result_pd = {}\n",
    "    for x in driver_combo:\n",
    "        result_pd[x] = joint_pd[x]\n",
    "    return result_pd\n",
    "\n",
    "redbull_wins_both = redbull_wins_both_races_v2(redbull_drivers_combo, joint_pd)\n",
    "p(redbull_wins_both, joint_pd)"
   ]
  },
  {
   "cell_type": "markdown",
   "metadata": {},
   "source": [
    "### Red Bull wins atleast one race"
   ]
  },
  {
   "cell_type": "markdown",
   "metadata": {},
   "source": [
    "For the next subsection of this question, we need to find the probability of Red Bull winning atleast one race. Red Bull team consists of Max Verstappen and Sergio Perez denoted by MV and SP respectively"
   ]
  },
  {
   "cell_type": "markdown",
   "metadata": {},
   "source": [
    "**Method 1**\n",
    "\n",
    "Now, in order for Red Bull to win atleast one race, we define a function `redbull_wins_atleast_one_race` and pass it to our probability function `p` to find the resultant probability. \n",
    "Here in this function that we would define, we check if the keys of `joint_pd` begin _**or**_ end with either `MV` **or** `SP`. In short, we check for multiple combinations in `joint_pd` that would just rather contain either `MV` or `SP`"
   ]
  },
  {
   "cell_type": "code",
   "execution_count": 14,
   "metadata": {},
   "outputs": [
    {
     "data": {
      "text/plain": [
       "0.5363936740816907"
      ]
     },
     "execution_count": 14,
     "metadata": {},
     "output_type": "execute_result"
    }
   ],
   "source": [
    "def redbull_wins_atleast_one_race(outcome):\n",
    "    return outcome.startswith(\"MV\") or outcome.startswith(\"SP\") or outcome.endswith(\"MV\") or outcome.endswith(\"SP\")\n",
    "\n",
    "p(redbull_wins_atleast_one_race, joint_pd)"
   ]
  },
  {
   "cell_type": "markdown",
   "metadata": {},
   "source": [
    "**Method 2**\n",
    "\n",
    "In order to find the total probability of Red Bull winning atleast one race among two, we will define a function to first find out if the key of `joint_pd` contains either `MV` or `SP`. If present, we pass this key-value pair to a `result_pd`. \n",
    "\n",
    "Since we iterate twice, once over `MV` and the next time over `SP`, we save this key-value pair in a dictionary to ensure that any combinations, particularly combinations of `MV` and `SP` are not repeated and are unique. \n",
    "\n",
    "Finally, we pass this resultant output dictionary along with `joint_pd` to the function `p` to find the required probability of Red Bull winning atleast one race"
   ]
  },
  {
   "cell_type": "code",
   "execution_count": 15,
   "metadata": {},
   "outputs": [
    {
     "data": {
      "text/plain": [
       "0.5363936740816907"
      ]
     },
     "execution_count": 15,
     "metadata": {},
     "output_type": "execute_result"
    }
   ],
   "source": [
    "def redbull_wins_atleast_one_race_v2(driver_list, joint_pd):\n",
    "    result_pd = {}\n",
    "    for i in joint_pd:\n",
    "        for j in driver_list:\n",
    "            if j in i:\n",
    "                result_pd[i] = joint_pd[i]\n",
    "    return result_pd\n",
    "\n",
    "result_pd = redbull_wins_atleast_one_race_v2(redbull_drivers, joint_pd)\n",
    "p(result_pd, joint_pd)"
   ]
  },
  {
   "cell_type": "markdown",
   "metadata": {},
   "source": [
    "## Question 2"
   ]
  },
  {
   "cell_type": "markdown",
   "metadata": {},
   "source": [
